              precision    recall  f1-score   support

           0     0.6786    0.7037    0.6909        81
           1     0.5600    0.3544    0.4341        79
           2     0.4471    0.4634    0.4551        82
           3     0.3500    0.2658    0.3022        79
           4     0.6040    0.7349    0.6630        83
           5     0.4417    0.6235    0.5171        85
           6     0.8333    0.7143    0.7692        77

    accuracy                         0.5530       566
   macro avg     0.5592    0.5514    0.5474       566
weighted avg     0.5572    0.5530    0.5471       566
