              precision    recall  f1-score   support

           0     0.6271    0.4405    0.5175        84
           1     0.3669    0.6000    0.4554        85
           2     0.4381    0.5750    0.4973        80
           3     0.4000    0.2791    0.3288        86
           4     0.7931    0.6970    0.7419        99
           5     0.6053    0.5111    0.5542        90
           6     0.8600    0.8431    0.8515       102

    accuracy                         0.5735       626
   macro avg     0.5844    0.5637    0.5638       626
weighted avg     0.5975    0.5735    0.5757       626
