              precision    recall  f1-score   support

           0     0.6625    0.6543    0.6584        81
           1     0.3708    0.4177    0.3929        79
           2     0.3814    0.5488    0.4500        82
           3     0.3611    0.3291    0.3444        79
           4     0.6747    0.6747    0.6747        83
           5     0.5862    0.4000    0.4755        85
           6     0.8939    0.7662    0.8252        77

    accuracy                         0.5406       566
   macro avg     0.5615    0.5416    0.5459       566
weighted avg     0.5608    0.5406    0.5449       566
