              precision    recall  f1-score   support

           0     0.6579    0.6173    0.6369        81
           1     0.3049    0.3165    0.3106        79
           2     0.3025    0.4390    0.3582        82
           3     0.4419    0.2405    0.3115        79
           4     0.6186    0.7229    0.6667        83
           5     0.6034    0.4118    0.4895        85
           6     0.7692    0.9091    0.8333        77

    accuracy                         0.5212       566
   macro avg     0.5283    0.5224    0.5152       566
weighted avg     0.5282    0.5212    0.5145       566
