              precision    recall  f1-score   support

           0     0.6517    0.7160    0.6824        81
           1     0.4286    0.1899    0.2632        79
           2     0.2986    0.5244    0.3805        82
           3     0.3478    0.3038    0.3243        79
           4     0.6667    0.6747    0.6707        83
           5     0.4563    0.5529    0.5000        85
           6     0.9048    0.4935    0.6387        77

    accuracy                         0.4965       566
   macro avg     0.5363    0.4936    0.4942       566
weighted avg     0.5343    0.4965    0.4951       566
