              precision    recall  f1-score   support

           0     0.7353    0.6173    0.6711        81
           1     0.3861    0.4937    0.4333        79
           2     0.3267    0.4024    0.3607        82
           3     0.3488    0.1899    0.2459        79
           4     0.6392    0.7470    0.6889        83
           5     0.4875    0.4588    0.4727        85
           6     0.8289    0.8182    0.8235        77

    accuracy                         0.5318       566
   macro avg     0.5361    0.5325    0.5280       566
weighted avg     0.5349    0.5318    0.5272       566
